8.4296
8.7191
9.0874
8.9620
8.9492
9.7125
9.6401
9.7617
4.3869
4.8526
4.7062
4.6352
4.3724
4.3034
4.3681
4.3681
7.8146
9.0211
10.1714
9.5265
8.8751
10.3690
9.3515
8.8751
11.2395
10.1899
9.5349
10.4575
8.8205
9.8186
10.3172
10.6577
3.5624
3.1194
3.5469
2.8230
3.1752
3.3360
3.2094
3.1361
9.6194
7.6435
7.5470
7.5470
8.0822
7.7136
7.7979
8.4927
8.2203
8.1665
7.7050
7.4189
7.0474
7.6507
7.3248
7.7159
6.2249
11.2863
7.3633
7.0517
7.5870
7.8892
7.5016
7.6245
2.8644
3.0402
2.9043
3.4322
2.9102
2.8375
3.1900
3.1208
