7.8448
6.7416
9.2193
9.6353
7.8177
7.7088
7.8263
7.7170
12.0796
15.4705
14.4013
10.6765
17.2275
17.5138
20.6500
16.9513
32.1458
28.1091
31.6494
34.2730
36.0343
37.1140
35.0249
31.3176
16.7888
16.6076
20.3610
12.5810
13.8454
13.7543
13.7693
13.3860
20.9710
19.5612
20.0143
24.6367
19.5279
19.2105
18.3408
19.8607
30.5144
32.8690
36.6191
33.7344
33.8082
28.4324
33.8082
26.3531
31.6783
30.5082
29.9528
35.7503
26.0091
24.6118
24.6118
27.2593
27.4652
25.8511
26.9061
26.3685
24.8138
23.6822
25.6332
24.0473
14.9939
17.9182
17.7069
15.4762
16.6460
16.7526
14.7242
14.5678
9.1197
9.3295
8.9842
9.5476
9.4347
9.2648
9.4696
9.9938
30.7033
25.1070
28.7801
29.2419
24.3354
23.0008
24.0984
24.9567
13.2804
12.4260
11.4539
12.4260
12.2481
12.5950
13.4290
13.2513
6.8788
6.2690
6.0112
6.3754
6.6995
6.7973
6.7140
6.9216
13.1991
13.3417
15.0627
15.4089
14.7307
14.7886
14.5895
14.8767
